17775361024
13866725136
155555555555
18557539048
18326690912
15375424664
18300629571
18656699495
15375293601
18096679186
18019909053
15762577100
13023058400
18868807966
15395107193
18019947194
18355200732
15555398990
15156871747
18851402658
18519533969
19956900544
18256092225
18815686726
17775367919
13855525097
18351960928
17730203315
13678734728
15656540377
18875088348
18756954038
18256006439
18256951885
18297906340
13211748800
18296120284
15656020458
17612169628
18656055832
18019906657
15111807123
18715135341
18056090731
18375330339
18435224042
18133624060
13696796382
13585680495
18314559804