17356563626
18225854245
18019965041
18709830152
15856589503
15375491107
18297995202
13385609908
18656568990
17648259945
19965048045
13485973781
18119992008
15300883910
18356621855
15256057183
18715079204
18655116915
13739232107
18356970726
18119992215
15755166921
15072409058
18956065823
13966665549
18255130685
15758007947
17377147414
18551677015
17681127087
19855130729
15656554910
15375531381
17777050615
18119992094
13866759200
18355182922
16605694518
13033001891
18919654388
17775361024
13866725136
155555555555
18557539048
18326690912
15375424664
18300629571
18656699495
15375293601
18096679186
18019909053
15762577100
13023058400
18868807966
15395107193
18019947194
18355200732
15555398990
15156871747
18851402658
18519533969
19956900544
18256092225
18815686726
17775367919
13855525097
18351960928
17730203315
13678734728
15656540377
18875088348
18756954038
18256006439
18256951885
18297906340
13211748800
18296120284
15656020458
17612169628
18656055832
18019906657
15111807123
18715135341
18056090731
18375330339
18435224042
18133624060
13696796382
13585680495
18314559804
13615606036
18298198569
15655112031
15555606770
15395139921
17709692185
15556936665
15077954655
16605127811
18119992219